86154.43157243161 [0, 2, 5, 10, 17, 15, 26, 46, 45, 76, 92, 83, 84, 78, 79, 80, 85, 90, 114, 126, 13
2, 117, 109, 108, 170, 169, 168, 164, 161, 179, 189, 190, 194, 186, 195, 183, 191, 180, 181, 212, 20
8, 228, 239, 241, 247, 270, 256, 246, 255, 245, 214, 211, 236, 244, 291, 252, 268, 261, 269, 262, 28
0, 288, 312, 295, 294, 316, 371, 386, 400, 394, 423, 410, 437, 438, 447, 450, 445, 446, 458, 452, 46
4, 453, 461, 442, 425, 418, 383, 373, 374, 352, 347, 337, 336, 321, 324, 325, 313, 356, 411, 401, 37
8, 420, 462, 472, 480, 500, 482, 471, 448, 454, 459, 475, 489, 499, 479, 469, 478, 484, 492, 493, 52
2, 535, 525, 503, 511, 516, 508, 512, 514, 519, 521, 518, 517, 526, 543, 538, 542, 550, 558, 557, 57
5, 584, 590, 613, 622, 632, 631, 621, 617, 612, 629, 601, 571, 566, 589, 620, 611, 616, 588, 579, 58
3, 574, 578, 610, 600, 599, 577, 570, 561, 541, 555, 559, 556, 534, 536, 507, 498, 497, 513, 488, 49
1, 487, 502, 510, 547, 563, 615, 618, 614, 605, 598, 591, 572, 551, 540, 533, 532, 529, 537, 554, 56
9, 604, 608, 628, 627, 643, 644, 645, 642, 639, 630, 623, 609, 603, 587, 585, 576, 580, 606, 636, 64
1, 664, 670, 663, 649, 658, 662, 654, 657, 686, 690, 696, 695, 694, 687, 684, 677, 671, 665, 650, 65
3, 626, 624, 637, 619, 573, 562, 528, 509, 549, 560, 586, 597, 625, 646, 648, 661, 672, 656, 668, 65
9, 673, 681, 697, 699, 702, 701, 700, 703, 704, 708, 714, 720, 707, 709, 712, 716, 728, 727, 717, 71
8, 719, 730, 729, 732, 731, 726, 725, 713, 706, 724, 721, 715, 710, 705, 698, 689, 685, 680, 676, 68
8, 679, 683, 669, 647, 635, 634, 638, 652, 655, 675, 674, 693, 723, 692, 682, 678, 667, 660, 640, 58
1, 596, 582, 524, 520, 505, 490, 483, 449, 433, 431, 422, 412, 413, 434, 457, 474, 485, 506, 496, 47
7, 441, 435, 421, 415, 417, 407, 409, 391, 389, 364, 380, 351, 330, 342, 363, 367, 370, 399, 377, 36
9, 368, 359, 385, 350, 354, 343, 340, 322, 333, 341, 323, 320, 315, 297, 290, 309, 303, 272, 259, 27
5, 263, 240, 225, 202, 188, 229, 232, 234, 250, 242, 238, 243, 230, 226, 219, 204, 267, 271, 279, 30
0, 304, 276, 266, 273, 283, 299, 328, 327, 338, 344, 345, 334, 329, 335, 339, 331, 305, 311, 293, 26
5, 264, 260, 251, 235, 233, 207, 125, 119, 94, 82, 99, 120, 123, 122, 104, 71, 72, 73, 74, 75, 67, 6
6, 62, 52, 55, 65, 40, 43, 49, 53, 57, 44, 35, 21, 24, 20, 18, 16, 22, 23, 25, 27, 33, 39, 38, 42, 5
0, 54, 59, 68, 91, 97, 112, 103, 107, 130, 133, 131, 124, 142, 146, 150, 139, 141, 136, 155, 159, 15
6, 160, 162, 167, 178, 166, 177, 175, 223, 199, 206, 198, 185, 158, 149, 174, 165, 154, 138, 134, 14
8, 153, 152, 145, 173, 182, 193, 201, 210, 216, 217, 222, 218, 224, 231, 237, 254, 258, 287, 286, 28
9, 285, 282, 274, 257, 253, 249, 281, 306, 307, 319, 353, 349, 355, 298, 310, 332, 346, 362, 358, 37
2, 405, 404, 416, 429, 432, 430, 436, 456, 476, 486, 501, 504, 568, 602, 595, 567, 553, 546, 527, 49
5, 473, 468, 470, 444, 427, 428, 440, 408, 382, 379, 376, 375, 388, 419, 424, 403, 393, 390, 398, 42
6, 443, 455, 465, 481, 515, 530, 539, 523, 531, 565, 633, 651, 691, 722, 733, 711, 666, 594, 607, 59
2, 593, 564, 552, 545, 544, 548, 494, 466, 467, 460, 463, 451, 439, 414, 402, 387, 392, 395, 396, 40
6, 397, 381, 366, 365, 348, 361, 384, 360, 357, 317, 301, 296, 292, 284, 277, 278, 308, 318, 326, 31
4, 302, 248, 220, 209, 203, 213, 227, 221, 215, 205, 192, 196, 187, 184, 171, 157, 163, 143, 135, 11
5, 127, 128, 147, 151, 197, 200, 176, 172, 144, 140, 137, 121, 105, 100, 101, 93, 86, 98, 102, 95, 7
7, 63, 81, 96, 116, 129, 113, 110, 118, 111, 106, 87, 60, 58, 31, 29, 32, 34, 36, 47, 51, 56, 88, 89
, 69, 61, 64, 70, 48, 41, 37, 30, 28, 19, 13, 8, 12, 11, 14, 9, 7, 3, 4, 6, 1]